2
pablo,maria,luis
11 11
0 0 0 0 E1 0 0 0 0 0 0
0 0 0 0 0 0 0 0 0 0 0
0 0 0 0 0 0 e1 0 0 0 0
0 0 0 0 0 0 0 0 0 0 0
0 0 0 0 0 0 0 0 0 0 0
0 0 0 0 0 0 0 0 0 0 0
0 0 0 s1 0 0 0 0 0 0 0
0 0 0 0 0 0 0 0 0 0 0
S1 0 0 0 E2 0 0 0 0 0 0
0 0 0 0 0 0 0 0 s2 0 0
0 0 0 e2 0 0 0 0 S2 0 0
17
4 6 2
5 1 3
6 5 4
3 2 1
1 6 5
6 4 6
6 3 2
6 1 5
6 6 6
6 4 6
6 6 5
6 5 6
6 5 6
6 5 6
4 1 1
6 6 6
6 6 6
pedro,ana,carlos,diana
5 5
0 0 0 E1 0
0 s1 0 0 0
0 0 0 0 0
e1 0 S1 0 0
0 0 0 0 0
5
4 1 6 3
3 5 4 2
6 6 1 5
5 6 2 4
1 2 6 5
